1 46 136
1 14 18
1 5 22
1 12 87
1 128 58
2 210 35
2 14 44
2 80 57
2 46 113
2 285 23
2 265 50
2 166 29
3 4 126
3 6 132
3 18 95
3 7 60
3 73 42
3 47 83
3 43 4
3 28 10
4 28 38
4 18 113
4 47 2
4 6 73
4 7 4
5 12 123
5 251 69
5 128 1
5 14 136
5 46 2
5 80 22
5 210 2
6 18 2
6 47 40
6 43 37
6 73 52
6 28 2
7 18 110
7 28 24
7 29 91
7 73 46
7 63 11
7 43 1
8 70 39
8 139 57
8 147 63
8 11 63
8 36 6
8 109 51
8 154 49
8 99 3
9 26 65
9 194 88
9 32 66
9 34 22
9 82 101
9 264 31
9 180 22
9 130 39
10 185 71
10 76 74
10 183 94
10 69 99
10 188 42
10 243 95
10 179 57
10 13 44
10 64 25
10 298 26
10 300 2
10 50 5
10 299 5
10 110 4
10 77 45
10 122 3
11 127 42
11 65 37
11 279 80
11 178 10
11 147 69
11 154 50
11 192 28
11 269 7
12 128 116
12 46 19
12 14 33
12 251 56
12 210 19
12 231 26
12 248 1
13 50 110
13 64 55
13 110 73
13 183 41
13 244 63
13 69 36
13 299 7
13 298 4
14 210 65
14 80 51
14 251 17
14 46 54
14 128 2
15 148 92
15 63 65
15 151 94
15 173 97
15 190 26
15 75 37
15 124 20
15 257 3
15 158 42
15 297 9
16 41 67
16 20 51
16 194 76
16 229 109
16 32 14
16 35 59
16 93 7
16 252 50
16 280 19
16 89 5
17 242 40
17 144 73
17 266 39
17 224 46
17 90 86
17 211 80
17 56 10
17 213 6
17 92 35
17 127 2
18 28 82
18 45 6
18 73 34
18 47 9
18 29 12
19 246 18
19 55 87
19 24 52
19 170 69
19 97 37
19 302 13
19 235 65
19 162 39
19 59 25
19 83 36
20 229 71
20 194 10
20 39 51
20 41 21
20 252 80
20 270 42
20 89 39
20 184 16
20 133 8
21 147 66
21 42 114
21 68 15
21 161 45
21 139 35
21 70 64
21 167 89
21 110 74
21 244 32
21 298 21
21 116 50
21 294 15
21 183 22
21 299 34
21 38 56
21 225 15
21 25 2
21 289 2
22 30 70
22 114 78
22 104 95
22 44 1
22 233 11
22 296 35
22 276 20
22 102 88
22 61 32
22 301 1
23 122 93
23 60 71
23 33 69
23 134 64
23 87 52
23 172 28
23 162 41
23 228 16
23 81 31
23 160 65
23 253 32
23 103 17
23 211 17
23 224 6
23 254 44
23 238 49
23 271 54
23 193 35
23 198 15
23 150 1
24 97 83
24 129 28
24 79 49
24 67 55
24 302 52
24 125 21
24 55 10
24 246 48
24 235 12
25 146 44
25 180 29
25 138 120
25 145 6
25 72 125
25 225 104
25 61 38
25 102 83
25 296 25
25 233 33
25 277 9
25 289 12
25 42 4
25 161 8
25 116 1
26 145 129
26 146 66
26 32 38
26 82 78
26 78 150
26 180 24
26 130 33
26 138 6
26 112 62
26 220 36
26 116 8
26 289 3
26 118 23
26 86 3
26 188 1
27 52 71
27 69 22
27 179 108
27 103 80
27 291 1
27 87 82
27 253 3
27 95 3
27 122 51
27 243 22
28 47 109
28 45 92
28 297 16
28 29 59
28 73 24
29 45 73
29 124 91
29 73 75
29 120 1
29 63 17
29 297 19
29 131 1
30 296 32
30 68 39
30 36 84
30 233 111
30 147 11
30 102 22
30 178 40
30 44 49
30 114 30
31 141 45
31 301 52
31 61 23
31 66 58
31 140 79
31 104 32
31 53 17
31 215 48
31 34 9
31 226 58
31 39 9
32 82 37
32 194 69
32 93 39
32 78 35
32 264 10
32 74 18
32 41 14
32 123 21
33 134 70
33 144 13
33 266 46
33 172 80
33 81 78
33 174 6
33 60 36
33 87 14
33 92 1
33 228 11
34 82 128
34 39 72
34 226 44
34 66 15
34 194 56
34 180 3
34 229 44
34 264 11
34 284 23
35 97 24
35 41 97
35 74 19
35 93 65
35 280 34
35 302 4
35 125 28
35 252 47
35 89 2
35 229 3
36 147 72
36 178 21
36 44 45
36 233 22
36 279 45
36 68 46
36 139 48
36 161 10
36 296 1
37 84 88
37 189 41
37 177 86
37 163 102
37 132 55
37 131 49
37 121 61
37 117 59
37 272 14
37 208 12
37 190 1
38 116 123
38 64 29
38 112 44
38 146 61
38 110 34
38 299 20
38 225 26
38 42 82
38 72 18
39 229 106
39 194 13
39 140 66
39 270 33
39 226 40
39 284 21
39 184 4
39 252 4
40 71 57
40 140 56
40 270 47
40 295 55
40 133 50
40 215 30
40 141 20
40 135 12
40 181 9
40 106 25
40 184 3
41 125 48
41 89 51
41 97 17
41 252 17
41 74 41
41 93 20
41 194 1
42 72 112
42 110 7
42 161 70
42 68 23
42 225 24
42 146 6
42 116 1
43 73 85
43 63 55
43 47 73
43 131 37
43 62 26
43 297 25
43 136 27
43 190 2
44 65 59
44 178 130
44 114 46
44 276 19
44 279 54
44 147 11
44 233 10
45 47 22
45 131 35
45 297 52
45 290 40
45 124 24
45 196 1
45 120 29
45 189 6
46 265 44
46 128 53
46 80 4
46 166 11
46 210 33
46 251 9
47 131 61
47 297 26
47 73 37
48 111 24
48 115 82
48 135 90
48 223 42
48 51 77
48 153 34
48 85 20
48 71 65
48 197 39
48 141 1
49 181 150
49 100 55
49 106 64
49 96 8
49 98 119
49 113 81
49 174 28
49 247 43
49 288 15
49 275 7
49 58 29
49 197 46
49 111 16
49 133 4
49 184 1
49 85 20
50 99 23
50 52 64
50 69 77
50 167 49
50 70 29
50 244 52
50 110 5
50 179 17
50 299 13
50 183 2
51 266 30
51 85 44
51 90 106
51 242 56
51 111 40
51 144 8
51 209 35
51 115 81
51 56 6
51 197 8
51 153 7
52 99 57
52 69 35
52 299 46
52 109 40
52 167 20
52 103 64
52 291 52
52 253 17
52 179 22
52 256 3
53 114 94
53 104 57
53 223 48
53 135 46
53 153 47
53 65 15
53 178 8
53 141 100
53 215 8
53 140 3
53 301 2
54 86 81
54 76 49
54 185 32
54 118 100
54 302 43
54 129 13
54 188 81
54 79 20
54 221 19
54 123 10
54 220 20
55 77 86
55 228 53
55 246 103
55 235 11
55 162 22
55 60 32
55 188 5
55 185 10
55 83 31
55 81 13
56 127 80
56 90 107
56 65 56
56 192 88
56 115 24
56 153 45
56 258 14
56 213 138
56 211 39
56 154 27
56 256 23
56 269 6
56 274 17
56 281 23
56 160 16
56 238 3
56 95 12
57 107 96
57 219 26
57 241 88
57 137 125
57 196 39
57 163 42
57 126 62
57 272 1
57 199 26
57 195 16
57 236 1
57 75 56
57 290 22
57 191 19
57 148 19
57 120 40
57 189 9
57 168 27
57 151 8
58 174 65
58 266 21
58 203 76
58 98 75
58 85 65
58 113 26
58 144 13
58 111 25
58 278 34
58 247 44
58 205 43
58 197 12
58 202 28
58 181 22
58 275 8
59 170 73
59 96 48
59 100 20
59 83 35
59 125 1
59 113 89
59 162 117
59 288 30
59 247 30
59 235 13
59 266 3
60 228 67
60 162 28
60 81 39
60 122 66
60 243 14
60 77 93
60 235 4
60 253 11
60 87 9
61 301 40
61 66 74
61 180 23
61 159 81
61 102 67
61 138 24
61 104 12
61 296 48
62 136 71
62 91 41
62 190 42
62 121 113
62 131 42
62 297 11
62 117 21
62 132 40
62 262 9
62 84 1
63 190 95
63 173 21
63 136 6
63 73 54
63 124 46
63 75 2
63 148 12
63 297 16
64 110 41
64 183 116
64 86 103
64 299 52
64 116 29
64 112 35
64 76 21
64 298 82
64 188 60
64 232 33
64 222 2
64 282 11
64 300 12
64 244 3
64 251 7
64 221 8
64 243 15
64 285 3
65 153 119
65 127 13
65 192 27
65 213 55
65 279 64
65 178 68
65 258 30
65 276 38
65 223 12
65 234 20
65 114 6
66 301 66
66 215 56
66 130 47
66 159 59
66 292 11
66 226 32
66 104 7
66 180 33
66 82 9
67 129 93
67 79 77
67 76 7
67 188 29
67 185 55
67 246 104
67 302 41
67 125 11
67 93 1
67 235 11
67 170 1
68 147 36
68 139 35
68 296 39
68 161 102
68 72 25
68 102 21
68 233 81
68 279 3
69 183 22
69 179 108
69 243 4
69 77 3
69 167 8
69 299 2
70 167 108
70 99 30
70 147 37
70 109 56
70 256 1
70 139 36
70 244 19
70 110 18
71 197 52
71 106 20
71 181 93
71 135 61
71 133 31
71 115 16
71 111 30
71 141 19
71 295 12
71 270 5
72 161 47
72 146 10
72 225 39
72 102 42
72 116 6
72 233 30
72 296 1
73 297 31
73 190 3
73 124 17
74 97 61
74 93 67
74 123 83
74 79 27
74 302 9
74 78 17
74 129 6
74 118 16
74 220 8
75 148 80
75 120 59
75 124 43
75 290 41
75 151 80
75 257 23
75 168 15
75 173 3
75 191 5
76 183 56
76 185 75
76 86 84
76 118 1
76 188 54
76 243 5
76 129 12
77 122 25
77 243 47
77 185 23
77 179 5
77 246 31
77 228 6
77 162 26
77 235 7
77 188 5
78 220 111
78 118 46
78 112 14
78 145 15
78 82 47
78 221 19
78 123 34
78 194 8
78 188 2
79 129 125
79 118 43
79 302 84
79 123 60
79 97 48
79 93 4
79 221 4
79 246 17
80 171 81
80 88 43
80 285 41
80 251 64
80 210 87
80 166 10
80 265 1
80 222 10
80 232 6
81 228 104
81 83 61
81 172 11
81 266 88
81 174 39
81 144 9
81 203 3
81 162 3
81 122 5
82 264 115
82 194 22
82 130 98
82 180 33
82 226 39
82 159 6
82 284 29
82 280 7
82 229 6
82 145 36
82 289 29
82 93 8
82 220 7
82 292 16
82 277 15
82 283 1
82 138 3
82 221 3
83 228 45
83 113 72
83 162 76
83 174 31
83 100 1
83 170 8
83 266 34
83 172 5
83 160 1
84 189 73
84 196 63
84 297 10
84 290 18
84 131 99
84 177 63
84 121 11
84 132 45
84 163 3
84 120 8
85 111 98
85 197 73
85 144 11
85 242 11
85 266 16
85 203 3
85 98 64
85 106 2
85 278 1
86 188 79
86 112 59
86 118 41
86 183 11
86 302 5
86 129 3
86 185 3
87 95 44
87 134 72
87 103 87
87 92 3
87 122 87
87 253 36
87 291 12
87 179 1
88 232 121
88 231 98
88 251 63
88 171 39
88 282 93
88 257 70
88 198 50
88 300 20
88 290 13
88 206 1
88 236 3
88 271 31
88 273 21
88 175 3
88 268 34
88 207 1
88 240 2
88 176 28
89 252 141
89 184 85
89 96 53
89 288 10
89 280 7
89 125 26
89 100 12
89 162 4
89 170 3
90 242 68
90 266 10
90 213 24
90 115 48
90 258 13
90 127 8
90 211 27
90 209 15
90 234 8
90 153 1
91 121 54
91 230 77
91 190 49
91 117 46
91 136 67
91 216 14
91 101 30
91 158 103
91 297 18
91 208 11
91 131 2
91 173 8
92 95 68
92 192 51
92 211 81
92 99 28
92 154 6
92 127 35
92 134 57
92 224 33
92 144 30
92 172 3
93 123 99
93 280 113
93 302 63
93 97 20
93 194 60
93 229 28
93 237 39
93 284 7
93 221 74
93 232 13
93 285 23
93 289 8
93 222 18
93 264 72
93 220 8
93 171 1
93 283 11
94 287 125
94 250 80
94 245 11
94 149 85
94 143 44
94 187 16
94 261 61
94 202 22
94 234 44
94 209 38
94 278 6
94 156 9
94 164 43
94 286 53
94 166 10
94 259 40
94 284 13
94 142 19
94 262 29
94 155 18
94 227 38
94 263 24
94 132 4
94 275 1
94 239 8
94 136 9
95 99 14
95 103 175
95 192 62
95 134 44
95 211 55
95 238 21
95 291 40
95 256 14
95 274 1
96 125 36
96 100 109
96 252 20
96 113 13
96 170 23
96 162 35
96 288 57
96 247 26
96 181 21
96 184 40
97 170 51
97 235 9
97 302 27
97 125 93
97 129 15
97 123 2
98 100 59
98 174 20
98 106 48
98 197 20
98 133 1
98 247 8
98 113 9
98 111 10
99 103 49
99 109 111
99 192 38
99 256 13
99 167 12
99 154 33
99 127 1
100 113 62
100 247 18
100 174 7
100 184 31
100 181 5
100 133 37
100 106 28
101 136 129
101 230 39
101 216 38
101 155 55
101 108 117
101 165 22
101 173 47
101 158 61
101 268 36
101 239 21
101 207 22
101 249 49
101 227 35
101 214 10
101 150 7
101 119 31
101 267 1
101 275 1
102 296 110
102 233 23
102 277 11
102 159 10
102 138 1
102 161 2
103 109 15
103 192 19
103 291 62
103 134 12
103 253 11
103 122 1
103 211 2
103 238 4
104 114 66
104 276 32
104 301 92
104 141 18
104 215 1
104 296 7
104 293 1
104 159 23
104 292 1
105 199 58
105 200 139
105 126 5
105 212 9
105 157 64
105 255 47
105 214 6
105 204 3
105 186 57
105 107 20
105 219 35
105 176 27
105 152 17
105 193 3
106 197 40
106 133 107
106 181 90
106 184 12
106 295 5
106 293 2
107 199 49
107 241 36
107 219 82
107 168 93
107 176 25
107 257 23
107 290 10
107 137 72
107 186 36
107 191 1
107 200 5
108 165 89
108 155 37
108 216 16
108 249 29
108 169 62
108 164 1
108 268 43
108 158 7
108 227 51
108 136 3
108 182 39
108 207 8
109 256 65
109 154 58
109 147 21
109 139 36
109 167 32
109 192 16
109 291 14
109 127 5
109 299 6
110 299 82
110 116 1
110 244 50
110 167 2
110 183 2
111 293 44
111 234 69
111 209 105
111 223 64
111 135 26
111 181 29
111 115 66
111 197 51
111 250 1
111 242 46
111 258 4
111 144 18
111 278 100
112 146 22
112 116 108
112 188 101
112 220 25
112 183 14
112 298 7
112 299 2
112 118 1
113 247 51
113 174 142
113 266 12
113 288 16
113 203 1
114 178 102
114 141 1
114 276 41
114 301 26
114 153 12
114 223 9
114 233 6
114 279 1
115 197 23
115 223 20
115 209 33
115 153 31
115 234 35
115 258 12
115 242 8
116 299 60
116 298 142
116 225 60
116 146 26
116 188 56
116 183 16
116 220 43
116 145 28
116 289 60
116 221 3
116 222 41
116 161 3
116 294 15
117 216 63
117 132 135
117 262 86
117 121 80
117 155 58
117 230 17
117 136 51
117 227 12
117 259 5
117 272 95
117 219 10
117 126 3
117 218 9
117 208 8
117 163 13
117 131 46
117 169 7
117 177 40
117 263 5
117 195 2
117 201 2
118 220 77
118 123 7
118 185 27
118 302 19
118 129 20
118 188 24
119 227 41
119 202 71
119 239 25
119 275 60
119 207 16
119 267 10
119 249 18
119 187 58
119 149 24
119 164 14
119 150 87
119 205 28
119 214 5
120 290 77
120 189 85
120 196 35
120 137 15
120 124 106
120 148 31
120 297 4
120 131 8
120 190 1
121 132 54
121 262 1
121 216 21
121 230 25
121 131 88
121 190 10
121 297 16
122 243 50
122 179 24
122 162 26
122 253 33
122 134 4
123 194 27
123 221 40
123 220 43
123 302 33
123 129 1
124 148 40
124 190 4
124 297 18
124 131 3
124 196 7
124 189 4
125 162 26
125 170 94
125 302 43
125 252 38
125 237 2
125 217 3
126 196 42
126 195 71
126 218 85
126 163 6
126 272 18
126 219 46
126 200 38
126 199 51
126 212 30
126 236 2
126 241 3
127 211 74
127 192 92
127 213 6
127 154 92
127 291 4
128 265 37
128 248 73
128 166 28
128 210 71
128 231 28
128 294 4
128 277 8
128 206 1
128 251 19
129 185 59
129 302 56
129 188 7
129 246 1
130 145 53
130 180 96
130 146 3
130 226 38
130 159 30
130 215 8
130 264 19
130 292 18
130 284 2
131 297 146
131 177 3
131 290 15
131 132 33
131 196 11
131 230 66
131 216 40
131 272 14
131 165 7
131 208 29
131 163 4
131 190 17
131 189 8
131 148 7
132 262 129
132 177 37
132 263 24
132 201 5
132 216 24
132 218 32
132 169 32
132 272 14
132 195 4
132 142 26
132 267 3
132 164 8
133 270 45
133 184 109
133 252 8
133 181 8
133 295 44
133 141 5
134 172 49
134 144 15
134 224 43
134 211 23
134 160 16
135 223 72
135 153 7
135 141 106
135 301 1
135 181 16
135 270 21
135 293 13
135 215 3
135 140 4
136 190 58
136 158 30
136 297 6
136 173 57
136 155 24
136 227 43
136 230 1
136 216 5
136 284 4
136 259 29
136 239 106
136 286 4
136 273 56
136 171 18
136 237 3
136 257 3
136 268 25
136 207 18
136 240 2
137 189 96
137 148 6
137 208 2
137 191 31
137 163 59
137 219 52
137 168 35
137 241 19
137 196 33
137 290 12
137 272 3
138 145 74
138 146 23
138 180 91
138 159 26
138 296 23
138 225 47
138 277 33
138 292 9
138 289 1
139 147 84
139 167 21
139 279 18
139 161 29
139 294 14
139 256 28
139 154 1
139 260 3
139 269 9
140 270 34
140 226 61
140 229 15
140 295 14
140 215 119
140 284 2
140 141 78
140 223 3
140 301 3
140 293 1
141 215 40
141 301 23
141 223 25
141 270 2
141 295 2
142 164 116
142 169 21
142 267 21
142 143 35
142 149 10
142 255 30
142 216 2
142 262 58
142 187 3
142 201 31
142 218 28
142 155 6
142 263 4
143 218 21
143 255 38
143 201 52
143 250 53
143 245 48
143 212 6
143 149 49
143 204 20
143 187 13
143 164 19
143 287 12
143 263 6
144 172 82
144 224 29
144 266 100
144 278 30
144 203 44
144 242 26
145 146 89
145 225 42
145 289 41
145 180 83
145 298 2
145 220 1
145 292 13
146 225 64
146 180 4
146 220 8
147 279 65
147 154 39
147 269 25
147 256 1
147 178 2
148 151 19
148 191 52
148 208 45
148 189 13
148 190 25
148 297 34
148 158 3
149 202 91
149 227 18
149 286 21
149 287 23
149 187 74
149 275 19
149 239 7
149 261 1
149 255 9
149 164 47
150 187 62
150 204 61
150 157 14
150 267 39
150 255 8
150 214 75
150 249 53
150 164 4
150 205 104
150 254 116
150 261 11
150 193 5
150 207 18
150 273 16
150 198 33
150 160 57
150 224 3
150 175 24
150 271 16
150 217 28
150 228 4
150 247 16
150 203 4
151 191 85
151 182 29
151 168 38
151 173 62
151 268 5
151 257 30
151 240 1
151 208 26
151 297 2
151 158 39
151 165 2
152 199 67
152 200 52
152 260 42
152 198 35
152 157 13
152 193 62
152 176 3
152 212 56
152 281 53
152 204 25
152 245 2
152 156 2
152 238 13
152 291 10
153 223 79
153 178 21
153 234 32
153 258 19
153 213 7
154 274 5
154 256 42
154 269 29
154 279 11
154 291 2
154 192 41
155 216 102
155 169 18
155 164 56
155 227 77
155 262 35
155 267 4
155 259 6
156 281 89
156 212 13
156 204 77
156 274 57
156 258 11
156 245 83
156 261 100
156 236 1
156 250 35
156 187 5
156 160 5
156 254 5
156 193 2
157 200 10
157 176 62
157 214 94
157 193 56
157 198 120
157 255 50
157 254 15
157 204 35
157 267 1
157 240 13
157 186 3
158 297 21
158 190 25
158 173 109
158 230 7
158 208 36
158 165 18
158 268 6
158 182 3
159 215 12
159 180 48
159 226 16
159 292 90
159 296 66
159 277 29
159 276 4
159 301 14
160 172 63
160 224 110
160 211 78
160 213 18
160 281 29
160 274 66
160 242 5
160 203 49
160 254 38
160 238 7
160 193 5
160 162 30
160 217 27
160 228 67
160 253 5
160 271 18
160 205 15
160 266 4
161 233 23
161 167 42
161 294 29
161 289 21
161 225 4
161 279 5
162 271 50
162 228 94
162 253 49
162 235 104
162 217 64
162 246 23
162 185 12
162 300 9
162 188 8
162 243 12
162 170 68
162 247 3
162 266 3
162 288 50
162 252 4
163 272 50
163 177 9
163 196 67
163 195 5
163 189 57
163 241 6
163 208 4
163 219 26
163 191 7
164 227 47
164 202 13
164 187 29
164 267 36
164 169 37
164 216 15
164 262 5
165 230 87
165 272 46
165 216 24
165 169 53
165 186 36
165 249 20
165 182 75
165 173 12
165 208 14
165 191 9
165 255 10
166 210 49
166 265 135
166 285 51
166 222 38
166 283 133
166 264 10
166 259 35
166 277 20
166 248 24
166 286 29
166 292 25
166 263 13
166 262 4
166 293 33
166 287 9
166 284 24
166 296 2
166 295 13
166 226 1
166 270 2
167 244 90
167 299 26
167 256 30
167 289 4
167 294 17
168 257 102
168 182 49
168 240 10
168 268 1
168 290 2
168 191 34
168 219 13
168 186 29
168 176 40
168 241 3
168 199 9
169 249 22
169 227 9
169 267 120
169 216 86
169 272 41
169 186 7
169 218 20
169 200 1
169 230 4
170 235 47
170 217 21
170 288 6
170 252 5
170 280 1
170 302 4
170 246 2
171 232 41
171 273 42
171 257 7
171 173 10
171 239 29
171 268 2
171 285 68
171 237 59
171 210 2
171 251 12
171 300 3
172 203 44
172 228 28
172 224 59
172 266 35
172 242 7
172 278 16
173 190 60
173 191 9
173 268 46
173 182 12
173 257 40
174 266 76
174 203 49
174 247 21
174 228 9
174 288 13
174 275 2
175 205 31
175 249 37
175 275 34
175 247 52
175 217 79
175 273 90
175 207 47
175 239 33
175 271 60
175 198 15
175 300 8
175 240 14
175 237 3
175 288 24
176 186 41
176 240 21
176 198 81
176 257 35
176 199 59
176 282 53
176 260 2
176 241 20
176 290 1
177 263 54
177 262 13
177 196 35
177 241 8
177 272 22
177 195 56
177 218 2
177 290 30
177 189 21
178 279 23
178 276 47
178 233 16
178 223 45
178 234 26
178 301 7
179 243 80
179 253 31
179 299 34
179 291 2
179 244 7
179 300 4
179 298 5
180 226 2
180 296 1
180 292 4
180 225 3
181 295 36
181 286 41
181 197 111
181 278 5
181 202 12
181 275 72
181 288 39
181 247 5
181 184 34
181 209 18
181 293 54
181 270 8
181 223 2
182 191 77
182 186 70
182 268 81
182 257 1
182 219 1
182 240 35
182 255 29
182 249 17
182 214 3
182 207 2
182 208 5
183 299 80
183 298 55
183 188 1
184 252 46
184 295 74
184 270 19
184 280 9
184 229 4
184 288 7
185 188 76
185 246 22
185 243 27
185 300 4
185 253 1
185 302 7
186 240 44
186 255 44
186 200 31
186 219 25
186 191 35
186 230 3
186 272 20
186 208 12
186 267 5
187 202 55
187 267 11
187 255 26
187 204 39
187 250 29
187 261 49
187 205 20
187 278 6
187 254 3
188 302 31
188 221 50
188 222 5
188 220 65
188 298 23
188 246 26
188 243 18
188 300 8
188 285 12
188 232 9
189 196 88
189 208 46
189 290 23
189 297 3
189 219 10
189 191 7
190 297 83
190 230 3
191 268 6
191 208 73
191 230 5
191 219 35
192 291 16
192 256 19
192 211 49
192 279 14
192 213 35
192 269 5
193 254 69
193 198 57
193 204 56
193 261 1
193 271 22
193 238 89
193 281 59
193 200 5
193 291 4
194 229 49
194 264 26
194 280 16
194 221 2
195 272 31
195 218 83
195 196 17
195 241 24
195 263 45
195 236 74
195 206 11
195 201 58
195 212 31
195 245 15
195 262 5
196 290 58
196 297 17
196 241 51
196 272 4
197 209 25
197 278 26
197 286 1
198 238 42
198 271 78
198 300 13
198 282 51
198 199 4
198 260 10
198 268 9
198 273 25
198 240 49
198 232 2
198 257 8
198 214 46
198 254 26
198 249 2
198 207 7
199 219 5
199 200 17
199 241 53
199 260 14
199 212 34
199 290 4
199 282 1
199 236 12
199 206 3
200 218 55
200 267 48
200 255 23
200 214 5
200 219 52
200 272 36
200 212 49
200 204 22
201 262 44
201 218 19
201 250 73
201 263 103
201 245 50
201 236 39
201 248 87
201 206 45
201 281 32
201 287 3
201 265 5
201 292 7
201 277 8
201 294 34
201 301 22
201 296 7
201 276 34
201 279 7
201 269 54
201 274 3
201 258 6
202 278 30
202 209 36
202 261 18
202 286 17
202 275 65
202 287 10
202 205 30
202 267 4
202 227 22
203 278 63
203 266 70
203 247 27
203 228 6
203 205 32
203 224 35
204 212 55
204 245 31
204 281 5
204 254 25
204 250 15
204 255 42
204 261 17
204 214 2
205 254 70
205 214 6
205 249 26
205 275 26
205 247 42
205 278 37
205 224 17
205 261 13
206 248 61
206 231 46
206 294 41
206 263 33
206 281 12
206 236 106
206 260 16
206 269 18
206 212 2
206 290 12
206 241 5
207 273 79
207 249 123
207 214 14
207 240 50
207 268 27
207 300 2
207 255 11
207 239 30
207 227 3
208 230 96
208 297 26
208 219 70
208 272 33
209 234 66
209 278 87
209 293 60
209 286 41
209 287 30
209 295 5
209 242 60
209 261 11
209 274 1
210 231 53
210 251 86
210 222 26
210 277 26
210 283 21
210 265 27
210 298 3
210 248 1
210 285 4
211 213 7
211 224 33
211 291 13
211 238 19
211 281 5
211 254 2
212 245 46
212 236 116
212 218 35
212 255 5
212 281 10
212 260 14
212 269 1
212 241 4
213 258 92
213 269 13
213 279 20
213 224 33
213 274 21
213 242 44
213 261 3
214 255 59
214 240 18
214 249 95
214 254 33
214 275 1
214 267 2
215 270 40
215 295 42
215 226 87
215 301 28
215 293 21
215 229 1
215 292 30
215 296 6
216 230 62
216 262 25
216 272 11
216 267 2
217 247 43
217 228 28
217 271 43
217 235 67
217 288 40
217 246 18
217 237 40
217 302 7
217 280 4
217 252 2
217 273 6
218 255 35
218 262 4
218 245 5
218 267 10
218 272 36
218 219 18
218 236 1
219 272 67
219 230 3
220 302 15
220 221 47
220 222 6
220 289 16
220 225 2
221 232 42
221 302 63
221 222 67
221 298 3
221 285 21
221 264 1
222 283 52
222 289 77
222 264 19
222 285 25
222 251 33
222 232 16
222 265 6
222 298 31
223 301 25
223 234 29
223 293 12
223 250 15
223 276 6
223 287 4
224 242 41
224 274 33
224 278 24
224 254 21
224 261 2
225 233 3
225 277 5
225 289 28
225 298 2
226 284 73
226 292 47
226 264 3
226 229 1
226 270 1
226 295 3
226 283 6
227 267 33
227 249 5
227 259 24
227 239 31
227 275 3
228 235 53
228 247 22
228 266 13
229 280 43
229 284 41
229 252 17
229 270 43
229 264 10
229 295 13
230 297 2
230 272 27
231 251 67
231 282 3
231 232 3
231 236 10
231 298 4
231 299 6
231 294 56
231 301 3
231 289 12
231 277 16
231 248 3
231 290 3
231 260 2
231 283 7
232 300 116
232 273 5
232 285 24
232 237 2
232 282 12
232 251 40
232 298 9
232 302 4
233 296 75
233 279 12
233 276 1
233 289 30
233 301 23
233 277 34
233 294 10
234 250 42
234 276 29
234 258 87
234 242 26
234 287 34
234 293 22
234 278 18
234 261 37
234 245 3
234 274 19
235 302 16
235 246 65
235 288 32
235 247 26
235 271 26
235 300 6
236 263 37
236 245 46
236 281 23
236 241 12
236 260 44
236 282 24
236 290 13
236 294 4
237 259 32
237 285 50
237 284 30
237 283 6
237 273 48
237 280 53
237 239 28
237 288 4
237 302 13
237 252 5
237 300 38
237 246 13
238 253 23
238 291 120
238 281 37
238 254 10
238 271 30
238 300 19
238 256 17
238 274 1
238 282 9
238 260 7
239 285 23
239 259 74
239 273 66
239 286 4
239 275 72
239 288 16
239 280 2
239 249 1
240 268 94
240 257 4
240 255 40
240 273 48
240 271 6
240 249 5
241 290 104
241 263 14
241 257 13
241 282 32
242 258 29
242 274 24
242 261 3
242 278 23
242 266 15
243 253 39
243 300 58
243 285 4
243 246 3
243 244 2
243 298 1
244 299 72
244 294 40
244 260 26
244 256 10
244 282 15
244 291 6
244 298 9
244 300 4
244 253 8
245 250 105
245 281 16
245 287 8
245 261 20
245 258 16
245 269 3
245 263 4
246 300 38
246 302 17
246 285 10
246 271 9
247 275 52
247 288 46
247 266 3
248 265 65
248 277 46
248 294 16
248 301 4
248 292 11
248 263 72
248 287 27
248 293 5
248 250 16
248 276 6
248 281 1
249 255 33
249 267 30
249 275 22
249 273 1
250 287 71
250 269 8
250 258 15
250 276 39
250 263 24
250 293 10
250 261 20
250 301 5
251 282 7
251 294 10
251 299 4
251 298 12
251 289 1
251 265 2
251 285 3
252 280 24
252 288 6
252 302 2
252 270 48
252 295 2
253 300 82
253 271 44
253 291 50
253 282 17
253 260 7
253 299 1
254 261 25
254 274 4
254 281 7
254 271 3
255 267 51
255 268 4
256 269 26
256 260 45
256 274 45
256 281 15
256 291 75
256 299 18
256 294 6
257 282 40
257 290 20
257 268 39
257 273 14
258 269 54
258 276 44
258 261 18
258 274 17
258 281 7
258 279 20
259 262 19
259 286 66
259 265 15
259 285 40
259 284 31
259 283 16
259 295 8
259 280 1
259 288 3
259 273 8
259 275 4
260 291 36
260 281 30
260 282 48
260 269 25
260 294 15
260 274 13
260 299 7
261 274 73
261 278 65
262 263 38
262 286 3
262 265 7
263 265 16
263 293 11
263 287 37
263 290 10
264 280 38
264 284 33
264 283 54
264 285 6
264 289 8
264 277 7
264 292 17
265 285 30
265 283 11
265 286 33
265 293 5
265 292 10
265 287 2
266 278 1
267 272 23
268 273 32
268 271 6
269 274 79
269 276 18
269 279 41
269 281 11
269 294 28
270 295 122
270 293 26
270 286 1
270 284 19
270 283 3
270 280 5
271 300 76
271 291 1
271 282 5
271 273 6
273 288 10
273 275 3
273 300 18
274 278 33
274 281 77
274 291 3
275 288 41
275 286 12
275 295 7
276 279 51
276 301 38
276 296 18
276 287 4
276 293 1
277 301 45
277 289 70
277 294 15
277 283 72
277 292 59
277 296 34
278 286 1
279 294 13
279 301 3
279 296 6
280 284 70
280 295 21
280 283 2
280 288 30
280 302 23
281 291 21
282 290 45
282 300 37
282 294 15
282 298 3
282 291 5
283 289 36
283 298 3
283 284 63
283 292 27
283 286 33
283 295 1
283 285 8
284 287 10
284 295 35
284 293 15
284 286 45
284 288 1
284 292 13
285 286 2
285 302 10
285 300 18
286 293 27
286 295 48
286 287 43
287 293 66
287 301 7
287 292 4
287 296 3
288 295 20
289 298 42
289 299 12
289 294 23
289 301 18
290 297 9
291 299 16
291 300 5
292 301 17
292 296 34
292 293 18
292 295 11
293 295 19
293 296 23
293 301 33
294 296 13
294 301 31
294 299 36
296 301 41
298 299 37
298 300 4
300 302 6
